M 11.35 3.836
c -.065 .21 -.1 .433 -.1 .664 0 .414 .336 .75 .75 .75
h 4.5
a .75 .75 0 0 0 .75 -.75 2.25 2.25 0 0 0 -.1 -.664
m -5.8 0
A 2.251 2.251 0 0 1 13.5 2.25
H 15
c 1.012 0 1.867 .668 2.15 1.586
m -5.8 0
c -.376 .023 -.75 .05 -1.124 .08
C 9.095 4.01 8.25 4.973 8.25 6.108
V 8.25
m 8.9 -4.414
c .376 .023 .75 .05 1.124 .08 1.131 .094 1.976 1.057 1.976 2.192
V 16.5
A 2.25 2.25 0 0 1 18 18.75
h -2.25
m -7.5 -10.5
H 4.875
c -.621 0 -1.125 .504 -1.125 1.125
v 11.25
c 0 .621 .504 1.125 1.125 1.125
h 9.75
c .621 0 1.125 -.504 1.125 -1.125
V 18.75
m -7.5 -10.5
h 6.375
c .621 0 1.125 .504 1.125 1.125
v 9.375
m -8.25 -3 1.5 1.5 3 -3.75
